SunTzu3000,-2.78,16.67,0.0,3.0
