hiraditya,,2019-02-25 15:55:00,164.05,ADSK why is this so high
EstimizeAlerts,,2019-02-25 14:59:00,164.346,ADSKs Subscription Plan Change is a key growth metric for their next report on 0228 AMC Will they beat last quarters 252K Subscripestimizecomintroadskcha
marketexclusive,,2019-02-25 13:26:00,164.62,ADSK Autodesk NASDAQADSK price target raised to 17500 by Royal Bank of Canada marketexclusivecomautodes stocks
EstimizeAlerts,,2019-02-25 13:21:00,164.606,ADSK reported 252K Subscription Plan Change last quarter Next report is on 0228 AMC Jury is still out on expectations Whats yoursestimizecomintroadskcha
EstimizeAlerts,,2019-02-25 12:36:00,164.546,Heres what 6 Estimize analysts believe ADSK will report for Q1 2020 EPS Reporting 0523 AMCestimizecomintroadskcha
EstimizeAlerts,,2019-02-25 12:36:00,164.546,ADSK reported Subscription Plan Change last quarter Next report is on 0523 AMC Jury is still out on expectations Whats yoursestimizecomintroadskcha
EstimizeAlerts,,2019-02-25 11:43:00,165.14,ADSKs Subscription Plan Change is a key growth metric for their next report on 0228 AMC Will they beat last quarters 252K Subscripestimizecomintroadskcha
EstimizeAlerts,,2019-02-25 11:41:00,165.11,ADSK analysts on Estimize are expecting 2865 YoY revenue growth for Q4 up from 2826 in Q3 Reporting 0228 AMCestimizecomintroadskcha
ninjakitty,True,2019-02-25 11:37:00,165.282,ADSK This my fave Calls on fire
ChartMill,,2019-02-25 11:10:00,165.698,ARWR ADSK and INFY gapping up today chartmillcomstockscreener
AnalystRatingsNetwork,,2019-02-25 11:08:00,165.915,Autodesks PT raised by Royal Bank of Canada to 17500 outperform rating marketbeatcomstocksNASDA ADSK
